race <-
c(1, 1, 1, 1, 1, 1, 1, 1, 1, 1, 1, 1, 1, 1, 1, 1, 1, 1, 1, 1, 
1, 1, 1, 1, 1, 1, 1, 1, 1, 1, 1, 1, 1, 1, 1, 1, 1, 1, 1, 1, 1, 
1, 1, 1, 1, 1, 1, 1, 1, 1, 1, 1, 1, 1, 1, 1, 1, 1, 1, 1, 1, 1, 
1, 1, 1, 1, 1, 1, 1, 1, 1, 1, 1, 1, 1, 1, 1, 1, 1, 1, 1, 1, 1, 
1, 1, 1, 1, 1, 1, 1, 1, 1, 1, 1, 1, 1, 1, 1, 1, 1, 1, 1, 1, 1, 
1, 1, 1, 1, 1, 1, 1, 1, 1, 1, 1, 1, 1, 1, 1, 1, 1, 1, 1, 1, 1, 
1, 1, 1, 1, 1, 1, 1, 1, 1, 1, 1, 1, 1, 1, 1, 1, 1, 1, 1, 1, 1, 
1, 1, 1, 1, 1, 1, 1, 1, 1, 1, 1, 1, 1, 1, 1, 1, 1, 1, 1, 1, 1, 
1, 1, 1, 1, 1, 1, 1, 1, 1, 1, 1, 0, 0, 0, 0, 0, 0, 0, 0, 0, 0, 
0, 0, 0, 0, 0, 0, 0, 0, 0, 0, 0, 0, 0, 0, 0, 0, 0, 0, 0, 0, 0, 
0, 0, 0, 0, 0, 0, 0, 0, 0, 0, 0, 0, 0, 0, 0, 0, 0, 0, 0, 0, 0, 
0, 0, 0, 0, 0, 0, 0, 0, 0, 0, 0, 0, 0, 0, 0, 0, 0, 0, 0, 0, 0, 
0, 0, 0, 0, 0, 0, 0, 0, 0, 0, 0, 0, 0, 0, 0, 0, 0, 0, 0, 0, 0, 
0, 0, 0, 0, 0, 0, 0, 0, 0, 0, 0, 0, 0, 0, 0, 0, 0, 0, 0, 0, 0, 
0, 0, 0, 0, 0, 0, 0, 0, 0, 0, 0, 0, 0, 0, 0, 0, 0, 0, 0, 0, 0, 
0, 0, 0, 0, 0, 0, 0, 0, 0, 0, 0, 0, 0, 0, 0, 0, 0, 0, 0, 0, 0, 
0, 0, 0, 0, 0, 0, 0, 0, 0, 0, 0, 0, 0, 0, 0, 0, 0, 0, 0, 0, 0
)
educatn <-
c(2, 2, 3, 1, 2, 1, 1, 3, 2, 2, 2, 1, 1, 2, 2, 1, 3, 3, 2, 3, 
3, 2, 2, 2, 2, 3, 2, 1, 1, 3, 3, 1, 3, 3, 3, 1, 1, 1, 2, 3, 2, 
1, 2, 1, 1, 1, 2, 2, 1, 1, 1, 1, 1, 1, 3, 3, 1, 2, 3, 3, 1, 1, 
2, 1, 2, 3, 3, 2, 2, 2, 3, 2, 2, 1, 3, 1, 3, 1, 1, 2, 3, 1, 2, 
1, 1, 1, 2, 3, 2, 2, 1, 2, 2, 2, 2, 2, 2, 2, 2, 1, 2, 2, 2, 1, 
2, 3, 3, 2, 2, 2, 2, 2, 2, 2, 1, 2, 2, 2, 3, 2, 2, 2, 2, 2, 2, 
1, 1, 2, 3, 2, 2, 3, 1, 1, 3, 2, 3, 2, 2, 1, 2, 1, 3, 1, 3, 2, 
2, 1, 2, 1, 1, 2, 3, 1, 2, 2, 1, 2, 2, 3, 1, 1, 2, 1, 3, 1, 1, 
1, 2, 1, 2, 1, 1, 3, 2, 1, 3, 1, 1, 1, 2, 1, 3, 1, 2, 3, 1, 2, 
3, 1, 1, 1, 3, 2, 3, 3, 3, 3, 2, 3, 2, 2, 3, 3, 3, 2, 2, 2, 1, 
1, 2, 3, 2, 3, 1, 2, 2, 2, 2, 2, 3, 1, 1, 2, 1, 1, 1, 3, 2, 3, 
1, 1, 2, 3, 1, 3, 2, 2, 1, 3, 2, 2, 2, 3, 3, 3, 2, 3, 3, 2, 2, 
1, 1, 2, 3, 3, 1, 3, 3, 1, 2, 1, 2, 1, 1, 2, 1, 2, 3, 2, 2, 2, 
2, 3, 2, 3, 2, 1, 2, 3, 2, 3, 2, 2, 3, 3, 2, 1, 2, 2, 2, 1, 1, 
3, 2, 2, 2, 3, 1, 2, 2, 3, 3, 1, 2, 2, 2, 2, 1, 2, 2, 2, 3, 3, 
2, 3, 2, 1, 3, 1, 2, 1, 3, 1, 3, 3, 3, 2, 2, 1, 3, 2, 2, 3, 2, 
3, 3, 3, 2, 1, 3, 1, 2, 3, 2, 2, 1, 2, 2, 2, 2, 3, 2, 2, 2, 1
)
employm <-
c(0, 0, 0, 0, 0, 1, 1, 0, 0, 1, 1, 1, 0, 0, 0, 0, 1, 1, 1, 1, 
0, 1, 1, 1, 1, 0, 0, 0, 0, 1, 0, 0, 0, 1, 0, 1, 1, 1, 0, 0, 0, 
1, 1, 0, 0, 1, 1, 0, 0, 1, 1, 0, 0, 1, 0, 0, 0, 0, 0, 1, 0, 0, 
0, 0, 1, 0, 0, 0, 1, 1, 1, 1, 1, 1, 1, 1, 1, 0, 0, 1, 0, 1, 1, 
1, 1, 0, 0, 0, 0, 1, 0, 0, 1, 0, 1, 1, 1, 0, 0, 0, 0, 0, 0, 1, 
1, 0, 0, 0, 0, 0, 0, 0, 1, 0, 1, 1, 0, 0, 1, 1, 0, 1, 0, 0, 0, 
0, 1, 0, 1, 0, 0, 1, 1, 0, 1, 1, 0, 1, 0, 0, 1, 1, 0, 1, 1, 0, 
0, 0, 0, 0, 0, 0, 1, 1, 1, 0, 1, 1, 0, 1, 0, 0, 0, 1, 1, 0, 0, 
0, 0, 1, 0, 0, 0, 0, 0, 0, 0, 0, 1, 0, 0, 0, 0, 1, 1, 1, 0, 1, 
1, 1, 0, 1, 0, 0, 1, 1, 0, 1, 0, 1, 1, 1, 1, 0, 0, 0, 0, 0, 0, 
0, 1, 1, 0, 0, 1, 0, 0, 0, 0, 1, 1, 0, 0, 1, 1, 0, 1, 1, 0, 0, 
1, 1, 1, 1, 0, 0, 0, 0, 0, 0, 0, 1, 1, 0, 0, 0, 1, 1, 1, 0, 0, 
1, 0, 1, 1, 0, 0, 1, 0, 1, 1, 1, 0, 1, 1, 0, 1, 1, 0, 0, 0, 0, 
1, 1, 0, 0, 1, 0, 0, 1, 1, 1, 0, 0, 1, 0, 0, 1, 0, 0, 0, 1, 0, 
1, 0, 0, 1, 1, 0, 1, 0, 0, 1, 0, 1, 1, 1, 0, 0, 1, 1, 0, 0, 1, 
0, 1, 0, 1, 1, 1, 0, 1, 1, 0, 1, 1, 1, 0, 0, 0, 1, 1, 1, 1, 1, 
1, 0, 1, 1, 0, 0, 1, 0, 0, 0, 0, 1, 0, 0, 1, 0, 1, 0, 1, 1, 0
)
SES <-
c(0, 1, 1, 1, 1, 1, 1, 1, 1, 1, 1, 1, 0, 1, 1, 1, 0, 1, 1, 1, 
0, 1, 1, 1, 0, 0, 0, 0, 1, 1, 0, 0, 1, 1, 0, 1, 1, 1, 0, 1, 1, 
1, 1, 0, 1, 1, 1, 1, 1, 1, 0, 1, 0, 1, 0, 0, 1, 1, 1, 0, 1, 1, 
1, 1, 1, 1, 1, 1, 0, 1, 0, 1, 1, 1, 1, 1, 0, 0, 0, 1, 0, 1, 1, 
1, 0, 1, 1, 1, 1, 1, 1, 0, 0, 0, 1, 0, 1, 0, 1, 0, 0, 0, 1, 1, 
0, 0, 0, 1, 1, 1, 0, 0, 1, 0, 1, 1, 0, 1, 0, 0, 0, 1, 0, 0, 1, 
0, 1, 0, 1, 1, 0, 0, 0, 0, 0, 1, 0, 0, 1, 1, 1, 1, 1, 1, 1, 1, 
1, 0, 0, 0, 0, 0, 1, 1, 1, 1, 1, 1, 0, 1, 0, 1, 0, 1, 1, 0, 1, 
1, 0, 0, 0, 0, 0, 0, 0, 1, 1, 0, 0, 0, 1, 1, 0, 1, 1, 1, 0, 1, 
0, 1, 0, 0, 0, 1, 0, 1, 1, 0, 0, 1, 1, 0, 0, 1, 0, 0, 0, 0, 1, 
0, 0, 1, 0, 1, 1, 0, 0, 1, 0, 0, 1, 0, 0, 1, 0, 0, 1, 1, 0, 1, 
0, 1, 1, 0, 1, 1, 1, 0, 0, 1, 1, 1, 1, 0, 1, 0, 0, 1, 0, 0, 0, 
1, 0, 1, 0, 1, 0, 0, 0, 0, 1, 1, 0, 1, 1, 0, 1, 1, 1, 0, 0, 0, 
0, 0, 0, 1, 1, 0, 0, 0, 1, 1, 0, 1, 0, 0, 1, 1, 0, 0, 1, 1, 1, 
0, 0, 1, 0, 0, 0, 1, 0, 0, 1, 0, 1, 1, 1, 0, 0, 1, 0, 0, 1, 1, 
0, 0, 1, 1, 1, 1, 1, 1, 1, 0, 1, 0, 0, 0, 0, 1, 0, 1, 1, 1, 1, 
0, 0, 1, 1, 1, 0, 1, 0, 0, 0, 1, 1, 0, 0, 0, 0, 0, 0, 1, 1, 0
)
married <-
c(0, 1, 0, 1, 0, 1, 0, 0, 1, 1, 1, 1, 0, 0, 0, 0, 0, 0, 0, 1, 
0, 1, 0, 1, 0, 0, 0, 1, 0, 1, 0, 0, 1, 1, 1, 0, 1, 0, 1, 1, 1, 
0, 0, 0, 1, 0, 1, 1, 1, 0, 0, 0, 0, 0, 0, 1, 0, 0, 1, 0, 1, 1, 
1, 0, 0, 1, 0, 1, 1, 1, 1, 0, 0, 1, 0, 0, 0, 0, 1, 1, 0, 1, 1, 
0, 0, 1, 1, 1, 1, 0, 0, 0, 1, 0, 0, 0, 0, 0, 1, 0, 0, 0, 1, 0, 
0, 0, 1, 0, 0, 0, 0, 0, 0, 1, 0, 0, 0, 0, 0, 0, 0, 1, 1, 1, 0, 
0, 0, 0, 0, 0, 0, 0, 0, 0, 0, 0, 0, 1, 0, 0, 0, 1, 0, 0, 0, 0, 
1, 1, 1, 1, 1, 0, 1, 0, 0, 1, 0, 0, 0, 1, 1, 0, 0, 0, 1, 0, 0, 
1, 1, 0, 0, 1, 1, 1, 0, 0, 1, 0, 1, 1, 0, 1, 0, 0, 0, 0, 1, 1, 
1, 1, 0, 1, 1, 0, 0, 0, 0, 1, 0, 1, 0, 1, 0, 0, 1, 1, 0, 0, 0, 
1, 1, 0, 0, 0, 0, 0, 0, 1, 0, 0, 0, 0, 1, 1, 1, 1, 1, 0, 0, 0, 
0, 0, 0, 1, 0, 0, 1, 1, 1, 1, 0, 0, 0, 1, 0, 0, 1, 1, 1, 0, 0, 
1, 1, 0, 1, 0, 0, 0, 0, 0, 1, 0, 0, 1, 1, 0, 1, 0, 0, 0, 0, 1, 
1, 1, 0, 0, 1, 1, 0, 1, 1, 0, 0, 0, 1, 0, 1, 0, 0, 0, 1, 0, 0, 
1, 0, 1, 0, 1, 0, 1, 0, 0, 0, 1, 1, 0, 0, 0, 0, 0, 0, 0, 0, 0, 
0, 1, 0, 0, 0, 0, 0, 0, 0, 0, 1, 1, 1, 0, 0, 0, 1, 0, 0, 0, 0, 
0, 0, 1, 1, 0, 0, 1, 0, 0, 0, 0, 1, 0, 0, 1, 0, 1, 0, 0, 1, 1
)
num.chld <-
c(1, 5, 1, 7, 1, 6, 0, 3, 2, 0, 1, 2, 7, 0, 0, 2, 1, 2, 1, 1, 
1, 1, 4, 3, 0, 1, 1, 2, 1, 1, 1, 1, 1, 1, 1, 1, 2, 0, 2, 0, 4, 
1, 0, 8, 3, 4, 1, 4, 3, 0, 2, 0, 4, 4, 2, 0, 2, 2, 3, 0, 9, 1, 
2, 4, 3, 1, 3, 1, 1, 1, 1, 0, 0, 0, 1, 1, 0, 0, 1, 2, 1, 1, 2, 
2, 3, 3, 2, 2, 2, 0, 1, 0, 1, 0, 0, 3, 2, 1, 0, 0, 3, 0, 2, 0, 
1, 0, 2, 1, 0, 1, 2, 0, 0, 1, 1, 0, 0, 0, 1, 0, 2, 1, 3, 3, 4, 
0, 4, 2, 0, 2, 0, 0, 0, 1, 1, 0, 0, 1, 7, 0, 1, 3, 2, 3, 1, 0, 
2, 3, 2, 2, 2, 0, 2, 2, 0, 3, 1, 0, 3, 2, 1, 0, 0, 0, 1, 2, 2, 
0, 1, 1, 0, 4, 4, 3, 0, 0, 5, 0, 0, 9, 3, 4, 0, 4, 1, 3, 1, 0, 
0, 1, 9, 0, 4, 1, 2, 1, 1, 2, 0, 1, 1, 3, 0, 0, 3, 1, 0, 0, 5, 
4, 2, 0, 0, 0, 1, 0, 1, 0, 0, 1, 0, 9, 3, 5, 6, 2, 5, 0, 0, 0, 
2, 4, 2, 1, 3, 1, 0, 2, 9, 1, 3, 3, 1, 2, 1, 0, 3, 1, 0, 0, 0, 
4, 6, 1, 0, 0, 1, 2, 1, 0, 2, 2, 0, 1, 6, 2, 1, 3, 1, 2, 0, 1, 
1, 5, 0, 1, 0, 2, 0, 2, 0, 3, 1, 3, 1, 0, 0, 0, 0, 0, 0, 0, 0, 
0, 2, 0, 0, 2, 3, 2, 0, 0, 0, 1, 5, 3, 1, 0, 1, 1, 1, 0, 0, 0, 
0, 2, 4, 0, 0, 1, 1, 4, 0, 0, 1, 1, 1, 1, 1, 4, 2, 1, 1, 2, 2, 
1, 0, 3, 0, 3, 0, 5, 0, 1, 0, 0, 5, 0, 0, 3, 0, 1, 0, 2, 5, 2
)
military <-
c(1, 0, 0, 1, 0, 1, 1, 1, -1, 1, 0, 1, 1, 1, 1, 1, 0, 1, -1, 
1, 1, 0, -1, 0, 1, 1, 0, 0, 1, 0, 0, -1, 0, 0, 1, 0, -1, 0, 0, 
0, 1, 0, 0, 1, 0, 1, 0, 0, -1, 1, 1, 0, 0, 0, 1, 0, 0, 0, -1, 
1, 0, 1, 0, 1, 1, -1, 1, -1, 0, 0, 0, -1, -1, 1, 1, 1, 0, 0, 
-1, 1, 1, 1, 1, 1, 0, 0, 1, 1, 0, 0, 0, 0, 0, 0, 0, 1, 0, 1, 
0, 0, -1, 0, 0, 0, 0, 0, 0, 0, 1, 0, 1, 0, 0, 1, 1, 0, 0, 0, 
0, 0, 0, 0, 0, 0, 0, -1, 1, 0, 0, 0, 0, -1, 1, 1, 0, 0, 1, 1, 
1, 0, 0, 0, -1, 1, 0, 1, 1, 0, -1, 0, 0, 0, 1, 1, 1, 0, 0, 1, 
0, 0, 1, 0, 1, 0, 1, 1, 1, -1, -1, 1, 0, 0, 1, 1, 0, 1, 1, 0, 
1, 1, 1, 1, 0, 1, 0, 1, -1, 0, 0, 0, 1, 1, 1, 0, 1, 1, 0, 1, 
1, 0, 1, 0, 1, 1, 0, -1, 0, 0, 1, -1, 0, 1, 1, 0, 0, 1, 0, 0, 
1, 1, 0, 1, 0, 1, 0, 0, -1, 1, 1, 0, 1, 1, 1, 0, 0, 1, 0, 1, 
1, 1, 1, 1, 1, 0, 0, 0, 0, 0, 0, 0, 0, 1, 1, 1, 0, 0, 1, 1, 1, 
1, 1, 1, 0, 0, 1, 0, 0, 0, 0, 0, 0, -1, -1, 1, 0, 0, 0, 0, 0, 
0, 0, 1, 0, 1, 0, 0, 0, 0, 0, 0, 0, 0, 1, 0, 0, 0, 0, 0, 1, 1, 
0, 1, -1, -1, 1, 0, 1, 0, 0, 0, 1, 1, 0, 1, 0, 1, 1, 0, 0, -1, 
0, 1, 0, 1, 0, 0, 0, 0, 0, 0, 1, 1, 1, 0, 1, 1, 1, 1, 0, 1, 1, 
0, 1, 1, 0, 0, -1, 1, 0, 0, 1, 1, 0, 1, 1, 0)
